{
  "advancedEditorSelectedIdentifier" : "ProjectBrowser",
  "openSceneRelativePaths" : [

  ],
  "recentIdentifiers" : {
    "041BCB96-AAFF-4B47-9E3D-CF4EC2929D47" : [

    ],
    "2171E351-6C4A-4E48-8E3D-400F1C9EE7C4" : [

    ],
    "CD04D4FC-3F1A-4F5E-8C21-2361EF2822DA" : [

    ]
  },
  "sceneCameraHistory" : {
    "1B9B5E34-DDC6-4B86-A064-9CE0B66DB11D" : [
      {
        "date" : 728484678.000755,
        "title" : "Untitled",
        "transform" : [
          0.5521302,
          -1.5347861e-09,
          0.83375776,
          0,
          0.34081602,
          0.91263694,
          -0.22569485,
          0,
          -0.7609182,
          0.408771,
          0.5038945,
          0,
          -0.010370248,
          0.0055710194,
          0.0068673748,
          1
        ]
      },
      {
        "date" : 728483899.05639,
        "title" : "Untitled",
        "transform" : [
          0.99999994,
          0,
          -0,
          0,
          -0,
          0.8660254,
          -0.49999988,
          0,
          0,
          0.49999988,
          0.8660254,
          0,
          0,
          0.19397567,
          0.33597574,
          1
        ]
      }
    ],
    "1C90570C-869F-48D8-A6A2-34BE6590BE1D" : [
      {
        "date" : 728573903.347732,
        "title" : "Untitled",
        "transform" : [
          1,
          0,
          -0,
          0,
          -0,
          0.8660341,
          -0.49998498,
          0,
          0,
          0.49998498,
          0.8660341,
          0,
          0.39000028,
          25.097624,
          81.77513,
          1
        ]
      }
    ],
    "4D7BC8F5-1C00-4B35-B201-16121A0C1AE2" : [
      {
        "date" : 728493791.585007,
        "title" : "Untitled",
        "transform" : [
          0.99999994,
          0,
          -0,
          0,
          -0,
          0.8660254,
          -0.49999988,
          0,
          0,
          0.49999988,
          0.8660254,
          0,
          0,
          0.18988334,
          0.3288876,
          1
        ]
      }
    ],
    "5D6CD1C3-531D-488A-8E5C-951B8D1AA8C2" : [
      {
        "date" : 728493729.102279,
        "title" : "Untitled",
        "transform" : [
          0.99999994,
          0,
          -0,
          0,
          -0,
          0.8660254,
          -0.49999988,
          0,
          0,
          0.49999988,
          0.8660254,
          0,
          0,
          0.18988334,
          0.3288876,
          1
        ]
      }
    ],
    "6E10CF7B-40C0-46FD-8010-525E4ECA6B9F" : [
      {
        "date" : 728489092.963565,
        "title" : "Untitled",
        "transform" : [
          0.99999994,
          0,
          -0,
          0,
          -0,
          0.8660254,
          -0.49999988,
          0,
          0,
          0.49999988,
          0.8660254,
          0,
          0,
          0.18988334,
          0.3288876,
          1
        ]
      }
    ],
    "6FD63A8E-0FFA-47DF-BBA4-1A1AD515C5D0" : [
      {
        "date" : 728493831.376144,
        "title" : "Untitled",
        "transform" : [
          0.99999994,
          0,
          -0,
          0,
          -0,
          0.8660254,
          -0.49999988,
          0,
          0,
          0.49999988,
          0.8660254,
          0,
          0,
          0.18988334,
          0.3288876,
          1
        ]
      }
    ],
    "21C5EE4F-FBB6-4FAE-ACF8-D5FDC4B69DC9" : [
      {
        "date" : 728493708.314903,
        "title" : "Untitled",
        "transform" : [
          0.99999994,
          0,
          -0,
          0,
          -0,
          0.8660254,
          -0.49999988,
          0,
          0,
          0.49999988,
          0.8660254,
          0,
          0,
          0.18988334,
          0.3288876,
          1
        ]
      }
    ],
    "26DBAE76-5DD8-47B6-A085-1B4ADA111097" : [
      {
        "date" : 728484666.829811,
        "title" : "Untitled",
        "transform" : [
          -0.4083791,
          5.7708636e-08,
          0.91281253,
          0,
          0.21767156,
          0.9711517,
          0.097383,
          0,
          -0.88647944,
          0.2384626,
          -0.396598,
          0,
          -0.17469855,
          0.06236148,
          -0.0779687,
          1
        ]
      },
      {
        "date" : 728483171.691381,
        "title" : "Untitled",
        "transform" : [
          -0.7668379,
          5.994664e-08,
          0.64184093,
          0,
          -0.02417891,
          0.9992902,
          -0.028887842,
          0,
          -0.6413854,
          -0.03767119,
          -0.7662935,
          0,
          -0.12901457,
          0.007328106,
          -0.15404005,
          1
        ]
      },
      {
        "date" : 728483149.789957,
        "title" : "Untitled",
        "transform" : [
          0.88410395,
          -1.2386693e-08,
          -0.46729028,
          0,
          0.17025733,
          0.93126196,
          0.3221235,
          0,
          0.43516967,
          -0.36435023,
          0.82333237,
          0,
          0.24641714,
          -0.011464423,
          0.4773163,
          1
        ]
      },
      {
        "date" : 728483134.607197,
        "title" : "Untitled",
        "transform" : [
          1,
          0,
          0,
          0,
          0,
          0.8783551,
          -0.4780088,
          0,
          0,
          0.4780088,
          0.8783551,
          0,
          0,
          4.260219,
          7.379066,
          1
        ]
      },
      {
        "date" : 728483020.390745,
        "title" : "Untitled",
        "transform" : [
          1,
          0,
          -0,
          0,
          -0,
          0.8783551,
          -0.4780088,
          0,
          0,
          0.4780088,
          0.8783551,
          0,
          0,
          5.690421,
          9.856299,
          1
        ]
      }
    ],
    "041BCB96-AAFF-4B47-9E3D-CF4EC2929D47" : [
      {
        "date" : 728484689.976717,
        "title" : "Untitled",
        "transform" : [
          0.8015344,
          -6.9652693e-09,
          -0.5979486,
          0,
          -0.026494334,
          0.99901795,
          -0.035514988,
          0,
          0.5973614,
          0.044308767,
          0.8007473,
          0,
          0.26249474,
          0.019479373,
          0.35186732,
          1
        ]
      },
      {
        "date" : 728483454.077473,
        "title" : "Untitled",
        "transform" : [
          1,
          0,
          -0,
          0,
          -0,
          0.86602616,
          -0.49999884,
          0,
          0,
          0.49999884,
          0.86602616,
          0,
          0,
          3.9699252,
          6.8761106,
          1
        ]
      },
      {
        "date" : 728483444.731999,
        "title" : "Untitled",
        "transform" : [
          1,
          0,
          -0,
          0,
          -0,
          0.86604804,
          -0.49996084,
          0,
          0,
          0.49996084,
          0.86604804,
          0,
          0,
          38.71354,
          67.05382,
          1
        ]
      },
      {
        "date" : 728483443.421575,
        "title" : "Untitled",
        "transform" : [
          1,
          0,
          -0,
          0,
          -0,
          0.86604804,
          -0.49996084,
          0,
          0,
          0.49996084,
          0.86604804,
          0,
          0,
          38.674866,
          66.98683,
          1
        ]
      },
      {
        "date" : 728483441.335506,
        "title" : "Untitled",
        "transform" : [
          0.99999994,
          0,
          -0,
          0,
          -0,
          0.8660254,
          -0.49999988,
          0,
          0,
          0.49999988,
          0.8660254,
          0,
          0,
          0.0350712,
          0.060745,
          1
        ]
      },
      {
        "date" : 728483428.413181,
        "title" : "Untitled",
        "transform" : [
          0.99999994,
          0,
          -0,
          0,
          -0,
          0.8660254,
          -0.49999988,
          0,
          0,
          0.49999988,
          0.8660254,
          0,
          0,
          0.022688013,
          0.039296728,
          1
        ]
      },
      {
        "date" : 728483400.401038,
        "title" : "Untitled",
        "transform" : [
          0.99999994,
          0,
          -0,
          0,
          -0,
          0.8660254,
          -0.49999988,
          0,
          0,
          0.49999988,
          0.8660254,
          0,
          0,
          0.025338298,
          0.04388716,
          1
        ]
      },
      {
        "date" : 728483383.767593,
        "title" : "Untitled",
        "transform" : [
          0.99999994,
          0,
          -0,
          0,
          -0,
          0.8660254,
          -0.49999988,
          0,
          0,
          0.49999988,
          0.8660254,
          0,
          0,
          0.012157002,
          0.021056462,
          1
        ]
      },
      {
        "date" : 728483378.10452,
        "title" : "Untitled",
        "transform" : [
          0.99999994,
          0,
          -0,
          0,
          -0,
          0.8660254,
          -0.49999988,
          0,
          0,
          0.49999988,
          0.8660254,
          0,
          0,
          0.19397567,
          0.33597574,
          1
        ]
      }
    ],
    "84FE1CB3-3FAE-4AF0-9D6B-70D6F666A10E" : [
      {
        "date" : 728493811.905715,
        "title" : "Untitled",
        "transform" : [
          0.99999994,
          0,
          -0,
          0,
          -0,
          0.8660254,
          -0.49999988,
          0,
          0,
          0.49999988,
          0.8660254,
          0,
          0,
          0.18988334,
          0.3288876,
          1
        ]
      }
    ],
    "106B1907-173F-4F4F-B2AD-A793F170A20E" : [
      {
        "date" : 728493743.131771,
        "title" : "Untitled",
        "transform" : [
          0.99999994,
          0,
          -0,
          0,
          -0,
          0.8660254,
          -0.49999988,
          0,
          0,
          0.49999988,
          0.8660254,
          0,
          0,
          0.18988334,
          0.3288876,
          1
        ]
      }
    ],
    "2171E351-6C4A-4E48-8E3D-400F1C9EE7C4" : [
      {
        "date" : 728491369.46465,
        "title" : "Untitled",
        "transform" : [
          0.9999418,
          7.395837e-05,
          -0.010788196,
          0,
          -0.0015716719,
          0.990307,
          -0.13888688,
          0,
          0.010673353,
          0.13889576,
          0.99024945,
          0,
          0.32345632,
          0.4153814,
          0.3522637,
          1
        ]
      },
      {
        "date" : 728491307.29256,
        "title" : "Untitled",
        "transform" : [
          0.99973315,
          -1.5325068e-05,
          -0.023102503,
          0,
          -0.0037022608,
          0.98696935,
          -0.1608656,
          0,
          0.022803929,
          0.1609082,
          0.98670596,
          0,
          0.2846886,
          0.43841535,
          0.23890135,
          1
        ]
      },
      {
        "date" : 728491241.657771,
        "title" : "Untitled",
        "transform" : [
          0.9801126,
          -4.6343895e-10,
          0.19844194,
          0,
          0.009033832,
          0.9989633,
          -0.044618454,
          0,
          -0.1982362,
          0.0455238,
          0.9790965,
          0,
          0.21426156,
          0.40097436,
          0.1640894,
          1
        ]
      },
      {
        "date" : 728490847.101378,
        "title" : "Untitled",
        "transform" : [
          0.6216145,
          -1.6873072e-09,
          0.78332335,
          0,
          0.08586,
          0.9939747,
          -0.0681351,
          0,
          -0.7786036,
          0.109609924,
          0.6178691,
          0,
          -0.120717525,
          0.45512798,
          0.08054638,
          1
        ]
      },
      {
        "date" : 728490554.098838,
        "title" : "Untitled",
        "transform" : [
          0.9866646,
          -2.7564354e-10,
          0.1627666,
          0,
          -0.02048067,
          0.992052,
          0.12415051,
          0,
          -0.16147292,
          -0.12582849,
          0.97882277,
          0,
          0.19093347,
          0.3362316,
          0.26282793,
          1
        ]
      },
      {
        "date" : 728490544.099164,
        "title" : "Untitled",
        "transform" : [
          0.99722546,
          -2.109895e-10,
          -0.074441455,
          0,
          0.008710721,
          0.9931302,
          0.116689704,
          0,
          0.07393006,
          -0.117014386,
          0.99037474,
          0,
          0.30981198,
          0.34068272,
          0.2686617,
          1
        ]
      },
      {
        "date" : 728490543.080161,
        "title" : "Untitled",
        "transform" : [
          0.99722546,
          -2.109895e-10,
          -0.074441455,
          0,
          0.008710721,
          0.9931302,
          0.116689704,
          0,
          0.07393006,
          -0.117014386,
          0.99037474,
          0,
          0.30981198,
          0.34068272,
          0.2686617,
          1
        ]
      },
      {
        "date" : 728490365.249067,
        "title" : "Untitled",
        "transform" : [
          0.9972254,
          3.3983236e-10,
          -0.074441455,
          0,
          0.008710721,
          0.99313027,
          0.11668971,
          0,
          0.07393006,
          -0.117014386,
          0.99037474,
          0,
          0.30981198,
          0.34068272,
          0.2686617,
          1
        ]
      },
      {
        "date" : 728490359.034502,
        "title" : "Untitled",
        "transform" : [
          0.95324874,
          3.348497e-09,
          0.30218664,
          0,
          -0.031001179,
          0.9947238,
          0.0977933,
          0,
          -0.30059224,
          -0.10258949,
          0.9482192,
          0,
          0.30981198,
          0.34068272,
          0.2686617,
          1
        ]
      },
      {
        "date" : 728489659.394341,
        "title" : "Untitled",
        "transform" : [
          0.9981584,
          5.600316e-10,
          -0.060661025,
          0,
          0.0059455223,
          0.9951852,
          0.09783173,
          0,
          0.06036896,
          -0.098012224,
          0.9933525,
          0,
          0.30981198,
          0.34068272,
          0.2686617,
          1
        ]
      }
    ],
    "2914AA40-E18E-4544-8E64-8991525A8BB7" : [
      {
        "date" : 728488964.143668,
        "title" : "Untitled",
        "transform" : [
          0.99999994,
          0,
          -0,
          0,
          -0,
          0.8660254,
          -0.49999988,
          0,
          0,
          0.49999988,
          0.8660254,
          0,
          0,
          0.08008302,
          0.1387078,
          1
        ]
      },
      {
        "date" : 728488930.047487,
        "title" : "Untitled",
        "transform" : [
          0.99999994,
          0,
          -0,
          0,
          -0,
          0.8660254,
          -0.49999988,
          0,
          0,
          0.49999988,
          0.8660254,
          0,
          0,
          0.18988334,
          0.3288876,
          1
        ]
      }
    ],
    "B4FCE9A4-95FE-4986-A3BA-2CF5E34CE3D5" : [
      {
        "date" : 728493686.982901,
        "title" : "Untitled",
        "transform" : [
          0.99999994,
          0,
          -0,
          0,
          -0,
          0.8660254,
          -0.49999988,
          0,
          0,
          0.49999988,
          0.8660254,
          0,
          0,
          0.18988334,
          0.3288876,
          1
        ]
      }
    ],
    "B36C8941-3B0A-49B8-AF9F-6FACDE8599BB" : [
      {
        "date" : 728493648.334113,
        "title" : "Untitled",
        "transform" : [
          0.99999994,
          0,
          -0,
          0,
          -0,
          0.8660254,
          -0.49999988,
          0,
          0,
          0.49999988,
          0.8660254,
          0,
          0,
          0.18988334,
          0.3288876,
          1
        ]
      }
    ],
    "B38E5D19-BB60-46F3-82E6-C2A1432899AE" : [
      {
        "date" : 728573913.521176,
        "title" : "Untitled",
        "transform" : [
          1,
          0,
          -0,
          0,
          -0,
          0.87375045,
          -0.4863744,
          0,
          0,
          0.4863744,
          0.87375045,
          0,
          0,
          0.20383605,
          0.40339217,
          1
        ]
      }
    ],
    "CD04D4FC-3F1A-4F5E-8C21-2361EF2822DA" : [
      {
        "date" : 728488832.794257,
        "title" : "Untitled",
        "transform" : [
          0.99999994,
          0,
          -0,
          0,
          -0,
          0.8660254,
          -0.49999988,
          0,
          0,
          0.49999988,
          0.8660254,
          0,
          -9.313225e-10,
          0.059751343,
          0.123393856,
          1
        ]
      },
      {
        "date" : 728488830.313529,
        "title" : "Untitled",
        "transform" : [
          0.99999994,
          0,
          -0,
          0,
          -0,
          0.8660254,
          -0.49999988,
          0,
          0,
          0.49999988,
          0.8660254,
          0,
          0,
          0.0576472,
          0.099847876,
          1
        ]
      },
      {
        "date" : 728488501.627329,
        "title" : "Untitled",
        "transform" : [
          0.99999994,
          0,
          -0,
          0,
          -0,
          0.8660254,
          -0.49999988,
          0,
          0,
          0.49999988,
          0.8660254,
          0,
          0,
          0.19397567,
          0.33597574,
          1
        ]
      }
    ],
    "DC0BD684-8BB9-48B2-BE7E-2A92E01DC78F" : [
      {
        "date" : 728483020.24128,
        "title" : "Untitled",
        "transform" : [
          0.99999994,
          0,
          -0,
          0,
          -0,
          0.8660254,
          -0.49999988,
          0,
          0,
          0.49999988,
          0.8660254,
          0,
          0,
          0.19397564,
          0.33597565,
          1
        ]
      }
    ],
    "DF071550-20C6-4A94-8D15-0AD0FE5C2BC7" : [
      {
        "date" : 728493773.279122,
        "title" : "Untitled",
        "transform" : [
          0.99999994,
          0,
          -0,
          0,
          -0,
          0.8660254,
          -0.49999988,
          0,
          0,
          0.49999988,
          0.8660254,
          0,
          0,
          0.18988334,
          0.3288876,
          1
        ]
      }
    ],
    "F4C20BA5-BEF1-4657-BA3B-362E2E3D82B2" : [
      {
        "date" : 728483362.132516,
        "title" : "Untitled",
        "transform" : [
          0.99999994,
          0,
          -0,
          0,
          -0,
          0.8660254,
          -0.49999988,
          0,
          0,
          0.49999988,
          0.8660254,
          0,
          0,
          0.019108374,
          0.033096734,
          1
        ]
      },
      {
        "date" : 728483328.221619,
        "title" : "Untitled",
        "transform" : [
          0.99999994,
          0,
          -0,
          0,
          -0,
          0.8660254,
          -0.49999988,
          0,
          0,
          0.49999988,
          0.8660254,
          0,
          0,
          0.19397567,
          0.33597574,
          1
        ]
      }
    ],
    "F8D92A3D-6249-4A1C-8DEB-1D3ADF437138" : [
      {
        "date" : 728493759.307257,
        "title" : "Untitled",
        "transform" : [
          0.99999994,
          0,
          -0,
          0,
          -0,
          0.8660254,
          -0.49999988,
          0,
          0,
          0.49999988,
          0.8660254,
          0,
          0,
          0.18988334,
          0.3288876,
          1
        ]
      }
    ]
  }
}